20
40 210 13 229 133 227 78 16 234 3 124 72 123 157 212 166
106 128 5 86 18 0 110 221
197 141 9 47 162 246 182 198 146 30 61 32
50 181 0
246 25 14 198 164 229 45 65 32 176 83 152 70 112 104 132 52
193 69 1 184
223 109 15 165 210 5 178 106 229 184 10 222 14 84 37 42 138 226
221 212 1 4
138 151 12 248 10 164 16 93 26 204 217 124 238 104 48
245 229 0
12 32 16 198 31 138 57 86 218 183 4 226 63 213 231 46 79 8 242
163 112 19 178 125 173 18 55 139 249 116 114 15 171 130 29 157 162 49 122 159 6
53 233 19 37 185 248 128 169 147 15 37 145 196 166 212 147 227 28 45 96 248 82
197 112 8 38 65 1 6 40 84 1 189
125 59 6 216 178 96 208 130 193
58 153 12 236 107 167 115 9 116 60 96 211 209 159 209
90 183 17 199 111 188 14 31 15 69 143 146 71 232 149 198 107 7 26 17
147 31 19 246 197 85 94 77 191 213 142 81 25 194 170 159 246 148 89 42 135 144
148 142 17 194 108 5 170 205 37 105 194 38 206 230 68 108 249 11 181 85
45 10 14 142 131 149 147 164 234 204 207 245 56 50 193 144 180
