20
9 86 7 47 7 150 217 241 100 40
224 90 6 61 100 177 236 230 16
175 74 5 122 152 69 103 136
187 11 19 160 80 86 142 23 197 232 62 81 14 57 57 105 132 175 135 65 5 130
152 175 3 209 238 60
142 86 12 44 184 219 16 117 174 119 162 139 69 182 39
187 183 3 233 49 203
60 53 3 82 150 91
56 96 11 74 42 30 14 243 31 202 245 7 161 170
75 22 8 131 125 68 59 156 179 165 117
241 12 6 136 238 35 165 137 57
43 32 12 11 136 205 179 10 207 73 140 218 237 7 21
52 78 2 205 81
44 38 11 18 154 161 100 187 109 36 50 178 174 164
40 13 15 168 156 220 123 4 23 2 199 154 63 220 153 187 241 155
126 50 5 237 14 237 229 160
190 156 10 188 110 41 207 156 228 90 225 36 123
5 135 2 178 156
190 74 17 34 69 242 81 146 111 186 139 163 205 103 52 78 24 21 67 224
81 34 2 162 54
