20
122 43 0
106 51 6 188 245 38 206 123 149
125 143 3 172 188 208
175 242 2 200 53
10 103 10 25 70 106 154 238 11 54 50 212 170
85 135 13 176 102 192 115 6 6 119 209 124 201 141 145 208
155 11 7 142 67 144 159 229 35 17
181 75 7 62 67 200 5 172 216 0
156 226 14 123 98 231 164 222 205 45 142 60 67 168 11 160 110
35 159 5 41 100 168 19 45
242 178 12 219 25 112 221 245 87 145 186 102 60 199 98
40 242 11 99 75 174 170 188 134 190 77 172 201 9
175 34 12 200 221 206 176 144 205 177 80 247 17 170 182
4 122 11 144 226 136 32 197 175 62 222 25 128 131
224 143 14 30 209 5 140 191 83 48 97 77 64 2 218 40 98
220 245 0
243 94 17 76 174 1 119 107 54 23 26 189 109 208 226 58 172 193 85 215
136 210 11 18 24 9 231 90 97 134 11 223 64 210
54 54 17 249 230 36 24 156 36 66 161 171 139 40 29 111 149 176 35 48
104 64 3 95 209 133
