20
29 1 13 97 157 222 85 100 44 101 44 93 70 235 178 130
191 23 0
239 128 1 129
150 246 5 68 99 163 152 67
234 176 0
107 47 9 4 213 22 158 133 11 31 96 161
38 225 6 73 82 236 130 151 163
157 85 4 136 20 11 183
67 136 19 176 211 95 86 108 179 66 95 173 150 194 159 45 32 154 191 102 128 73
140 219 15 219 72 102 242 209 133 79 236 152 184 228 117 168 247 127
191 126 17 190 29 138 205 145 233 226 80 89 113 216 158 122 230 236 111 114
32 74 11 210 100 114 45 166 56 217 220 107 108 30
20 2 3 84 130 103
5 115 3 244 194 78
83 45 18 175 220 198 62 147 181 72 224 142 191 238 246 138 208 30 187 131 58
47 43 13 145 14 206 28 184 102 15 104 40 88 214 66 82
80 45 0
202 8 6 215 33 186 100 23 228
103 145 17 114 211 187 22 211 34 201 192 116 189 75 168 10 218 245 65 155
92 174 18 46 228 188 68 101 60 249 207 148 115 29 216 236 223 223 137 28 75
