20
75 176 3 32 194 158
8 14 7 68 55 125 176 94 102 205
41 49 15 42 0 120 36 106 105 45 225 126 167 48 144 133 74 244
102 245 8 13 220 218 86 62 157 25 28
11 171 3 16 138 123
232 84 8 211 187 164 111 24 109 129 212
121 23 17 213 132 52 17 168 155 223 14 54 247 67 86 84 22 144 44 24
108 19 10 100 128 162 216 46 48 230 188 156 130
188 13 19 87 60 191 9 133 174 248 94 209 169 110 249 183 194 45 119 129 206 163
166 22 0
228 136 13 0 36 90 143 105 83 99 191 122 205 187 215 203
40 245 5 29 73 213 55 153
144 37 1 26
181 69 7 56 211 112 146 121 68 42
144 131 14 63 174 155 173 209 228 92 171 149 63 148 219 1 21
151 139 9 102 114 99 29 207 39 15 120 95
163 92 4 141 31 87 56
70 21 2 83 110
12 148 12 7 161 176 52 109 172 30 240 151 44 166 23
94 4 14 1 24 53 100 202 241 67 47 149 81 221 166 36 54
