20
76 216 0
193 17 11 85 161 247 129 152 121 60 62 59 239 217
22 158 4 192 204 85 121
124 39 4 173 50 96 3
94 247 9 18 158 241 219 168 111 24 1 165
165 174 8 175 187 25 89 82 155 153 232
121 30 4 233 3 39 69
177 181 1 182
179 80 12 86 242 129 196 108 69 247 174 52 91 201 60
248 5 1 59
149 202 3 129 198 77
88 50 10 142 37 215 249 31 234 196 50 11 99
47 206 7 188 5 190 229 148 244 126
35 163 9 229 128 187 180 178 38 96 235 231
142 77 9 116 168 84 222 110 190 83 37 168
99 30 11 41 164 128 120 220 223 62 211 89 246 232
249 233 0
121 178 12 95 173 72 124 0 166 207 136 239 236 108 194
130 10 1 11
100 214 8 202 131 102 199 143 112 146 190
