20
188 149 10 238 155 34 27 25 211 79 95 223 3
211 99 12 142 141 169 96 121 137 47 105 150 247 59 111
248 77 7 42 82 115 37 225 58 127
190 52 12 201 242 234 134 4 1 59 116 93 192 162 91
52 123 7 85 195 201 221 63 224 72
142 223 11 187 218 157 121 229 176 213 213 166 78 228
217 171 4 235 131 56 2
187 222 13 103 230 123 215 51 80 104 221 8 129 142 196 34
14 86 11 57 12 142 31 142 69 7 143 93 246 150
148 61 9 4 140 61 180 244 106 139 49 15
140 129 6 105 132 213 57 194 157
151 19 11 17 45 196 114 220 71 246 184 226 107 76
208 202 13 156 193 160 25 96 224 73 95 4 37 52 49 65
249 200 2 94 164
52 0 7 208 180 228 227 171 108 174
193 26 16 149 8 129 87 15 68 224 28 159 172 86 102 190 225 16 10
30 153 18 116 242 204 57 56 106 185 34 179 64 186 21 111 49 24 135 225 17
198 49 16 101 219 43 167 49 242 122 2 175 135 242 97 12 229 0 220
83 35 5 198 165 165 185 84
78 49 14 58 182 77 165 6 165 212 131 101 20 21 15 215 214
