20
27 68 17 108 30 236 34 206 95 132 178 77 201 53 53 34 173 180 40 109
189 157 4 54 46 114 248
18 154 18 76 178 208 26 14 0 55 176 62 97 133 192 73 53 229 133 142 32
228 37 19 118 13 237 106 237 135 224 47 72 219 6 217 26 102 112 146 1 102 103
94 166 17 117 30 1 3 146 150 45 97 93 66 77 182 69 198 70 183 136
184 239 12 124 111 83 143 63 246 8 133 154 234 135 142
89 204 4 116 81 84 8
85 79 18 49 208 143 161 227 5 23 61 72 160 175 17 63 56 233 96 52 158
100 49 10 153 46 131 198 88 63 21 239 107 144
136 246 1 227
165 200 13 157 85 154 233 52 242 131 195 29 117 157 172 204
32 83 19 201 170 200 5 28 17 163 183 203 237 49 57 119 94 101 186 85 4 198
174 47 16 48 198 161 160 17 164 131 124 194 28 118 2 131 232 218 84
112 248 7 249 90 186 220 222 37 41
111 72 16 226 241 96 114 203 203 123 238 185 174 57 208 120 102 195 168
182 234 18 171 27 22 169 144 174 164 209 38 0 92 16 189 243 219 25 181 128
217 122 10 225 45 247 5 157 153 79 225 149 151
83 102 17 143 102 85 223 11 157 60 11 48 67 200 183 94 79 227 9 193
223 70 12 219 10 2 74 227 186 147 206 199 8 70 226
100 153 12 66 10 227 34 147 80 58 187 161 85 117 240
