20
108 121 18 132 206 4 124 166 188 95 159 218 21 43 191 239 153 117 236 57 247
48 226 13 194 100 185 182 200 122 54 48 181 100 174 116 122
96 237 1 79
224 129 0
1 100 0
177 155 12 31 9 4 247 147 89 84 79 150 166 56 36
50 150 11 1 223 198 135 231 149 141 215 181 133 133
197 218 12 248 170 19 224 99 165 193 50 61 234 197 195
7 25 6 98 185 14 118 83 122
99 164 19 115 176 19 137 110 143 142 168 106 81 191 233 189 229 73 130 94 237 49
3 92 14 236 208 18 236 120 197 97 164 194 58 202 191 63 92
206 12 5 185 50 195 164 71
106 104 11 6 77 184 40 72 114 212 93 60 147 131
127 163 9 207 31 25 75 46 64 50 110 2
104 5 6 102 162 160 115 197 231
143 169 18 197 238 123 187 0 132 180 168 104 200 117 75 234 68 117 55 173 87
137 32 19 83 53 103 194 216 213 60 125 79 2 243 53 5 142 182 210 129 107 39
71 191 9 141 206 230 29 89 223 47 2 249
240 125 4 195 167 188 221
105 177 18 199 184 82 193 100 189 110 232 148 53 116 29 19 175 246 126 246 175
