20
70 44 8 187 232 45 92 60 124 128 67
96 124 17 191 224 60 230 184 5 124 47 182 207 80 99 135 178 56 115 174
51 42 9 208 117 65 137 194 215 150 225 174
218 115 15 221 180 230 51 149 160 2 13 186 129 183 43 146 68 157
86 49 14 20 83 21 81 44 135 86 233 222 172 149 6 41 138
95 154 15 202 173 55 246 65 50 144 163 167 9 232 203 104 18 72
196 237 7 228 127 208 3 150 39 182
206 23 0
87 168 1 86
172 128 14 11 103 204 154 55 84 243 147 241 82 175 30 52 210
134 200 7 112 0 117 236 122 96 180
164 225 0
8 115 17 129 53 100 151 110 107 86 52 111 91 176 162 147 77 128 167 119
40 153 6 84 94 103 69 224 222
42 122 18 224 229 234 99 49 238 157 56 104 52 189 138 39 1 102 83 119 88
114 61 13 127 67 161 116 108 191 67 28 167 19 166 243 98
240 139 1 153
111 4 5 246 6 188 116 76
215 211 15 119 6 17 158 188 209 42 112 248 176 162 227 9 181 31
8 161 8 222 221 224 228 11 220 213 247
