20
62 179 12 133 106 167 31 5 171 94 59 0 73 68 214
50 202 5 130 109 82 5 209
134 216 14 126 14 54 211 184 35 178 65 199 11 29 121 93 73
65 9 9 127 63 203 6 68 161 87 193 34
134 174 8 23 130 110 71 93 41 233 200
130 10 10 95 228 102 249 67 226 74 135 42 200
9 142 13 150 104 237 83 110 29 22 168 10 136 231 110 85
21 213 3 201 84 142
178 88 7 78 35 38 201 203 77 182
6 170 2 229 141
119 147 6 218 243 146 175 215 112
234 166 10 6 105 197 224 249 27 202 20 64 47
61 91 13 47 36 43 20 166 9 46 82 143 143 7 66 225
52 215 4 162 195 124 187
243 106 19 31 1 113 60 141 245 112 185 44 94 169 139 241 5 81 115 135 174 231
137 220 4 78 159 70 221
72 142 6 249 227 218 54 69 230
47 84 4 125 178 60 218
205 24 11 222 100 80 183 182 105 173 196 94 99 108
220 50 12 68 114 164 8 28 8 227 80 18 183 204 62
