20
176 178 1 29
5 188 16 67 239 135 100 31 4 108 105 53 176 65 194 35 107 239 90
51 164 11 19 149 155 178 44 174 160 216 226 155 137
4 150 3 202 41 177
118 166 3 155 202 15
67 187 13 27 88 57 97 162 174 70 7 190 130 159 28 35
24 96 3 245 149 46
195 53 2 67 123
38 154 5 145 3 32 10 28
80 169 1 60
245 205 4 232 134 197 178
103 100 3 144 130 176
12 79 10 27 2 203 56 18 163 36 147 13 236
141 46 12 175 123 61 176 205 131 197 9 217 71 177 120
165 120 19 237 74 125 12 163 238 241 82 175 90 192 155 120 143 131 182 202 23 222
71 117 15 220 77 207 124 12 64 248 44 134 209 94 249 241 207 186
72 139 11 101 178 77 82 178 118 137 121 29 98 24
20 154 4 33 118 249 27
214 50 1 199
103 142 18 32 205 113 196 58 54 115 78 122 120 150 216 189 23 30 179 60 31
