20
223 27 14 26 210 169 165 197 190 178 91 158 205 217 218 152 186
172 110 6 62 144 66 70 47 15
174 141 6 11 125 139 23 189 80
61 23 14 228 219 95 113 43 175 195 87 16 68 136 25 15 10
169 238 6 234 56 81 95 75 134
148 103 14 87 85 145 87 5 17 10 227 244 9 91 141 170 238
41 46 18 84 154 164 100 138 101 110 193 11 87 45 98 195 166 234 240 184 65
151 31 0
18 17 18 110 164 0 189 90 166 136 158 34 212 172 3 233 134 225 175 88 61
104 132 3 76 142 88
86 195 18 23 8 40 230 163 173 99 224 91 10 210 15 157 63 175 215 242 1
64 68 12 201 11 56 0 22 168 82 129 214 152 174 109
227 162 3 61 108 67
223 224 4 28 130 31 207
83 147 15 204 74 182 41 148 99 40 207 119 107 129 182 70 230 11
83 54 7 150 159 191 70 79 236 37
169 151 18 14 101 176 147 155 126 79 207 248 53 152 196 132 194 115 121 54 123
6 184 19 68 118 191 79 242 83 183 136 93 238 12 17 152 105 188 41 9 201 168
20 128 12 112 232 241 50 177 92 217 75 184 130 18 221
30 150 17 87 190 93 200 121 109 21 108 141 241 62 199 207 134 173 127 217
