20
219 148 6 104 225 107 93 84 141
119 188 0
148 231 17 126 205 165 230 50 91 51 110 199 42 137 133 22 131 107 217 61
89 139 13 159 106 88 243 195 128 51 102 193 34 107 170 110
179 6 13 121 147 174 177 21 124 241 117 206 74 176 206 67
216 66 4 41 236 29 170
54 210 0
112 32 7 208 172 243 157 193 114 20
221 160 10 46 223 47 155 28 142 207 238 29 200
51 55 16 129 60 153 202 178 104 80 85 230 174 68 136 200 206 191 160
47 196 19 245 223 192 128 165 2 104 157 152 82 244 204 3 171 170 202 114 170 236
238 124 6 215 230 30 137 29 126
68 139 13 132 151 215 131 112 185 24 32 59 133 76 228 136
81 21 7 2 165 226 124 171 192 23
200 88 17 205 214 81 157 101 218 1 239 221 156 28 15 169 160 228 229 116
242 70 1 68
17 172 12 168 19 120 236 213 51 214 23 249 7 29 61
240 63 11 103 221 222 92 234 175 218 127 153 214 213
93 102 16 62 94 173 33 180 94 51 168 208 228 94 239 37 195 26 243
196 122 16 248 95 85 165 73 115 209 19 129 98 3 95 164 136 44 201
