20
156 43 19 192 248 107 85 115 211 67 2 210 161 4 135 186 8 209 132 58 138 162
71 243 9 108 80 146 57 174 164 170 118 165
123 103 17 23 224 38 235 93 27 187 78 141 122 115 158 173 73 72 39 105
76 2 8 162 200 98 201 59 101 185 212
71 68 15 110 229 86 80 124 101 155 228 109 0 16 236 109 106 58
41 77 4 168 152 153 247
247 118 8 181 180 249 115 68 69 12 22
30 207 5 204 30 111 49 145
218 167 10 131 132 114 121 115 86 182 124 83 8
157 187 2 56 94
5 13 0
180 159 5 192 17 65 14 42
203 183 1 167
203 118 10 40 165 122 232 150 42 49 56 218 125
100 75 14 105 227 76 108 136 55 221 166 182 134 218 156 135 53
24 10 5 113 52 247 48 146
197 7 0
203 120 5 82 184 124 217 2
76 226 4 23 228 180 127
1 191 7 206 134 91 9 66 156 44
