20
45 121 11 56 146 63 191 29 85 66 14 12 210 81
31 190 7 203 115 21 178 219 140 190
24 158 16 120 71 234 18 142 129 86 215 67 229 151 9 189 227 165 40
149 143 16 248 34 128 57 31 207 116 62 113 19 205 106 240 108 38 84
68 128 3 107 164 214
155 27 6 132 162 67 89 196 240
83 113 9 222 149 201 122 173 72 50 18 235
109 190 3 224 248 108
175 116 2 123 122
150 207 0
63 16 3 195 157 38
210 77 0
40 234 1 194
133 41 19 74 9 220 163 165 200 82 77 248 201 112 244 140 33 109 41 86 114 113
160 20 3 117 85 120
67 73 10 105 182 31 180 84 42 236 243 10 167
20 170 7 227 41 119 234 34 123 140
6 21 8 173 219 18 26 54 160 98 119
247 90 9 99 218 165 164 207 20 44 132 126
218 39 9 31 8 187 168 230 5 197 145 108
