20
60 223 18 249 235 136 142 226 48 115 239 155 181 226 154 208 6 134 141 179 124
109 140 2 156 11
102 4 11 20 31 230 122 219 41 163 28 100 105 195
18 142 6 151 87 37 83 67 116
131 123 16 237 52 12 46 80 204 234 214 150 127 111 53 38 169 154 221
206 173 10 117 104 28 172 118 249 155 22 198 1
87 201 9 200 240 138 240 20 246 84 219 174
120 45 2 86 20
249 115 2 192 98
30 43 11 125 183 113 128 38 125 60 175 78 92 10
138 20 8 144 89 159 21 194 87 41 161
25 147 1 205
249 145 2 147 34
148 210 11 186 1 173 182 126 242 7 43 160 195 167
14 11 1 222
38 224 18 21 142 200 179 198 15 61 169 20 139 52 153 31 28 193 138 126 132
227 48 15 56 245 248 229 218 38 210 157 95 134 121 208 158 217 144
82 53 10 100 69 0 213 185 47 33 55 105 244
98 163 4 19 96 146 225
193 62 2 112 143
