20
247 169 1 58
151 33 4 10 66 45 169
79 73 14 27 9 180 92 135 204 129 70 5 223 137 113 172 203
2 27 12 200 215 106 74 246 150 109 82 131 185 200 22
180 125 5 179 234 155 91 55
226 144 1 238
147 49 3 12 102 113
107 192 18 40 248 132 121 90 46 15 226 133 97 47 143 27 237 197 135 95 152
218 67 12 26 239 0 29 35 190 94 209 86 192 161 188
3 66 8 248 167 89 91 196 144 229 219
139 49 10 136 142 182 69 55 86 84 139 234 83
183 122 6 134 24 209 24 62 11
13 206 14 157 10 62 49 215 214 195 11 63 25 161 22 72 158
88 80 10 249 208 232 74 82 139 96 68 91 111
1 228 1 66
55 70 5 75 211 80 151 249
189 134 17 12 199 198 190 53 12 238 81 155 119 147 194 22 131 194 210 35
88 87 16 7 95 149 89 38 54 132 97 103 78 60 241 77 93 227 132
66 53 3 182 204 179
74 5 18 121 12 249 80 21 213 128 200 18 206 132 11 133 185 242 249 119 41
