20
19 80 8 1 141 22 50 66 41 220 120
215 106 10 126 132 55 122 52 206 239 108 95 69
94 205 5 84 187 233 29 203
117 166 16 213 45 211 218 75 43 210 217 131 69 147 32 90 57 105 232
231 114 0
239 89 4 36 6 125 41
249 103 14 70 27 111 164 143 236 146 214 2 30 169 160 203 41
9 94 19 84 219 176 121 83 168 206 194 248 117 40 79 51 77 18 11 107 204 72
66 7 9 1 240 170 18 62 117 186 31 77
189 80 12 120 197 45 134 87 81 94 182 40 210 176 59
125 126 8 107 195 200 36 229 110 242 84
130 217 7 221 209 60 188 249 90 110
174 107 16 66 180 84 227 177 13 225 12 56 152 74 1 20 170 54 104
225 118 7 243 141 27 234 187 84 138
110 1 0
170 249 8 151 244 40 226 13 75 212 64
88 211 0
33 12 11 184 126 197 125 127 66 63 179 19 102 202
33 85 6 152 47 46 148 97 244
218 108 8 159 224 115 124 181 91 33 174
