20
214 188 8 181 4 204 244 137 199 187 127
84 196 10 109 196 203 23 185 98 178 188 71 102
215 185 5 249 165 101 222 28
210 75 6 191 194 97 1 126 16
78 136 0
91 230 3 181 177 167
184 240 12 138 89 106 5 113 131 212 211 174 118 193 49
160 199 11 52 184 174 98 38 120 155 1 160 27 180
121 163 9 109 56 50 245 77 106 118 24 101
59 183 7 207 167 152 46 87 233 40
190 168 15 167 243 165 130 90 196 159 175 241 138 9 101 163 67 188
16 244 9 7 117 57 196 30 137 43 27 172
31 36 13 182 224 90 205 197 159 164 9 81 82 10 61 116
135 10 18 192 240 123 166 55 55 38 96 134 212 129 125 153 225 101 88 56 148
10 203 2 165 225
233 52 14 21 191 239 54 216 193 221 18 186 86 221 149 173 214
25 92 3 185 62 224
45 180 13 33 199 51 191 197 195 103 43 209 33 76 222 126
248 224 6 79 9 220 167 92 36
164 181 4 60 36 123 46
